99 688
	0
		1 0.1964255
		2 0.1400896
		3 0.1760903
		4 0.05684344
		5 -0.08084149
		6 -0.05379421
		7 -0.1894694
		8 -0.1914557
		9 0.1476943
		10 0.04535375
		11 -0.002107435
		12 -0.1813246
		13 0.08268043
		14 -0.03393411
		15 0.003529726
		16 0.1257808
		17 -0.2293531
		18 -0.2715101
		19 -0.08465793
		20 0.1558945
		21 0.1927047
		22 0.007644255
		23 -0.1191039
		24 0.1941264
		25 0.09280907
		26 0.2104431
		27 0.2705423
		28 0.2406598
		29 0.187153
		30 -0.1224682
		31 -0.150551
		32 -0.1809233
		33 0.2436412
		34 0.23699
		35 -0.1102263
		36 0.1345247
		37 -0.2728155
		38 -0.1325598
		39 0.1096181
		40 -0.07048221
		41 0.1584789
		42 0.1265201
		43 -0.07457959
		44 -0.1509439
		45 0.02304466
		46 0.2456626
		47 0.2371668
		48 -0.1489759
		49 -0.02713214
		50 -0.137396
		51 0.2632276
		52 -0.1519779
		53 -0.2523163
		54 0.2502885
		55 0.08759638
		56 0.09382165
		57 -0.1585736
		58 0.2124321
		59 0.06146498
		60 0.03249345
		61 0.07591028
		62 0.09923208
		63 -0.1454923
		64 -0.01110897
		65 0.1406264 
		66 0.08628197
		67 -0.004026164
		68 -0.1737124
		69 0.1178698
		70 0.06831592
		71 0.2057272
		72 0.04454621
		73 0.0777801
		74 0.08652608
		75 -0.131859
		76 -0.1837816
		77 0.1493023
		78 0.1788057
		79 0.03867415
		80 -0.1705738
		81 -0.07010851
		82 0.01311974
		83 0.1511062
		84 0.2532864
		85 0.2466844
		86 -0.148895
		87 -0.08266177
		88 -0.1995781
		89 0.0976955
		90 -0.1890055
		91 0.2124298
		92 -0.2169574
		93 0.02256399
		94 0.1194199
		95 -0.1250467
		96 0.09266613
		97 0.2134321
		98 0.2292545
		99 -0.05863704
		100 -0.1340384
		101 0.1380287
		102 0.1190758
		103 -0.1902335
		104 -0.1712595
		105 0.1698447
		106 -0.06692699
		107 -0.06713618
		108 -0.1510925
		109 0.06006188
		110 -0.1022688
		111 -0.005588646
		112 0.1651945
		113 -0.09433602
		114 -0.1947093
		115 0.01037337
		116 0.05315404
		117 -0.02702843
		118 -0.02948204
		119 -0.05302414
		120 -0.1993655
		121 -0.08687638
		122 0.007189993
		123 0.2495675
		124 0.03312351
		125 -0.08193427
		126 -0.1181543
		127 -0.09388655
		128 -0.2135893
	1
		1 -0.171298
		2 0.1670428
		3 -0.2308702
		4 -0.1475633
		5 -0.01639244
		6 0.121583
		7 0.144982
		8 0.1420496
		9 -0.1040118
		10 -0.1666807
		11 -0.04647939
		12 0.1616929
		13 -0.02046502
		14 0.08218175
		15 -0.1817235
		16 0.2163732
		17 -0.09446342
		18 0.03213526
		19 0.1843928
		20 0.09160357
		21 -0.1177081
		22 -0.1778679
		23 -0.01694029
		24 -0.1145975
		25 0.2682409
		26 0.2291973
		27 -0.004687074
		28 -0.09248178
		29 0.11332
		30 0.1341039
		31 -0.02826799
		32 -0.03814802
	2